image: my_map.pgm
resolution: 0.050000
origin: [-8.149529, -15.865981, 0.000000]
negate: 0
occupied_thresh: 0.4
free_thresh: 0.06

